INFO: 2024-10-04 22:44:35,315: Data
INFO: 2024-10-04 22:45:17,324: This is an informational message
WARNING: 2024-10-04 22:45:17,325: This message is a warning
ERROR: 2024-10-04 22:45:17,326: This is an error message
CRITICAL: 2024-10-04 22:45:17,327: This is a critical message
INFO: 2024-10-04 22:45:18,088: Data
INFO: 2024-10-04 22:45:18,090: Data shape (110527, 14)
INFO: 2024-10-04 22:45:18,103: Percentage of women: 0.653882342398853
INFO: 2024-10-04 22:45:18,120: Percentage of men: 0.346117657601147
